0,0.0909091
1,0.0909091
2,0.0909091
3,0.0909091
4,0.0909091
5,0.0909091
6,0.0909091
7,0.0909091
8,0.0909091
9,0.0909091
10,0.0909091
11,0.0909091
12,0.0909091
13,0.0909091
14,0.0909091
15,0.0909091
16,0.0909091
17,0.0909091
18,0.0909091
19,0.0909091
20,0.0909091
21,0.0909091
22,0.0909091
23,0.0909091
24,0.0909091
25,0.0909091
26,0.0909091
27,0.0909091
28,0.0909091
29,0.0909091
30,0.0909091
31,0.0909091
32,0.0909091
33,0.0909091
34,0.0909091
35,0.0909091
36,0.0909091
37,0.0909091
38,0.0909091
39,0.0909091
40,0.0909091
41,0.0909091
42,0.0909091
43,0.0909091
44,0.0909091
45,0.0909091
46,0.0909091
47,0.0909091
48,0.0909091
49,0.0909091
50,0.0909091
51,0.0909091
52,0.0909091
53,0.0909091
54,0.0909091
55,0.0909091
56,0.0909091
57,0.0909091
58,0.0909091
59,0.0909091
60,0.0909091
61,0.0909091
62,0.0909091
63,0.0909091
64,0.0909091
65,0.0909091
66,0.0909091
67,0.0909091
68,0.0909091
69,0.0909091
70,0.0909091
71,0.0909091
72,0.0909091
73,0.0909091
74,0.0909091
75,0.0909091
76,0.0909091
77,0.0909091
78,0.0909091
79,0.0909091
80,0.0909091
81,0.0909091
82,0.0909091
83,0.0909091
84,0.0909091
85,0.0909091
86,0.0909091
87,0.0909091
88,0.0909091
89,0.0909091
90,0.0909091
91,0.0909091
92,0.0909091
93,0.0909091
94,0.0909091
95,0.0909091
96,0.0909091
97,0.0909091
98,0.0909091
99,0.0909091
100,0.0909091
101,0.0909091
102,0.0909091
103,0.0909091
104,0.0909091
105,0.0909091
106,0.0909091
107,0.0909091
108,0.0909091
109,0.0909091
110,0.0909091
111,0.0909091
112,0.0909091
113,0.0909091
114,0.0909091
115,0.0909091
116,0.0909091
117,0.0909091
118,0.0909091
119,0.0909091
120,0.0909091
121,0.0909091
122,0.0909091
123,0.0909091
124,0.0909091
125,0.0909091
126,0.0909091
127,0.0909091
128,0.0909091
129,0.0909091
130,0.0909091
131,0.0909091
132,0.0909091
133,0.0909091
134,0.0909091
135,0.0909091
136,0.0909091
137,0.0909091
138,0.0909091
139,0.0909091
140,0.0909091
141,0.0909091
142,0.0909091
143,0.0909091
144,0.0909091
145,0.0909091
146,0.0909091
147,0.0909091
148,0.0909091
149,0.0909091
150,0.0909091
151,0.0909091
152,0.0909091
153,0.0909091
154,0.0909091
155,0.0909091
156,0.0909091
157,0.0909091
158,0.0909091
159,0.0909091
160,0.0909091
161,0.0909091
162,0.0909091
163,0.0909091
164,0.0909091
165,0.0909091
166,0.0909091
167,0.0909091
168,0.0909091
169,0.0909091
170,0.0909091
171,0.0909091
172,0.0909091
173,0.0909091
174,0.0909091
175,0.0909091
176,0.0909091
177,0.0909091
178,0.0909091
179,0.0909091
180,0.0909091
181,0.0909091
182,0.0909091
183,0.0909091
184,0.0909091
185,0.0909091
186,0.0909091
187,0.0909091
188,0.0909091
189,0.0909091
190,0.0909091
191,0.0909091
192,0.0909091
193,0.0909091
194,0.0909091
195,0.0909091
196,0.0909091
197,0.0909091
198,0.0909091
199,0.0909091
200,0.0909091
201,0.0909091
202,0.0909091
203,0.0909091
204,0.0909091
205,0.0909091
206,0.0909091
207,0.0909091
208,0.0909091
209,0.0909091
210,0.0909091
211,0.0909091
212,0.0909091
213,0.0909091
214,0.0909091
215,0.0909091
216,0.0909091
217,0.0909091
218,0.0909091
219,0.0909091
220,0.0909091
221,0.0909091
222,0.0909091
223,0.0909091
224,0.0909091
225,0.0909091
226,0.0909091
227,0.0909091
228,0.0909091
229,0.0909091
230,0.0909091
231,0.0909091
232,0.0909091
233,0.0909091
234,0.0909091
235,0.0909091
236,0.0909091
237,0.0909091
238,0.0909091
239,0.0909091
240,0.0909091
241,0.0909091
242,0.0909091
243,0.0909091
244,0.0909091
245,0.0909091
246,0.0909091
247,0.0909091
248,0.0909091
249,0.0909091
250,0.0909091
251,0.0909091
252,0.0909091
253,0.0909091
254,0.0909091
255,0.0909091
256,0.0909091
257,0.0909091
258,0.0909091
259,0.0909091
260,0.0909091
261,0.0909091
262,0.0909091
263,0.0909091
264,0.0909091
265,0.0909091
266,0.0909091
267,0.0909091
268,0.0909091
269,0.0909091
270,0.0909091
271,0.0909091
272,0.0909091
273,0.0909091
274,0.0909091
275,0.0909091
276,0.0909091
277,0.0909091
278,0.0909091
279,0.0909091
280,0.0909091
281,0.0909091
282,0.0909091
283,0.0909091
284,0.0909091
285,0.0909091
286,0.0909091
287,0.0909091
288,0.0909091
289,0.0909091
290,0.0909091
291,0.0909091
292,0.0909091
293,0.0909091
294,0.0909091
295,0.0909091
296,0.0909091
297,0.0909091
298,0.0909091
299,0.0909091
300,0.0909091
301,0.0909091
302,0.0909091
303,0.0909091
304,0.0909091
305,0.0909091
306,0.0909091
307,0.0909091
308,0.0909091
309,0.0909091
310,0.0909091
311,0.0909091
312,0.0909091
313,0.0909091
314,0.0909091
315,0.0909091
316,0.0909091
317,0.0909091
318,0.0909091
319,0.0909091
320,0.0909091
321,0.0909091
322,0.0909091
323,0.0909091
324,0.0909091
325,0.0909091
326,0.0909091
327,0.0909091
328,0.0909091
329,0.0909091
330,0.0909091
331,0.0909091
332,0.0909091
333,0.0909091
334,0.0909091
335,0.0909091
336,0.0909091
337,0.0909091
338,0.0909091
339,0.0909091
340,0.0909091
341,0.0909091
342,0.0909091
343,0.0909091
344,0.0909091
345,0.0909091
346,0.0909091
347,0.0909091
348,0.0909091
349,0.0909091
350,0.0909091
351,0.0909091
352,0.0909091
353,0.0909091
354,0.0909091
355,0.0909091
356,0.0909091
357,0.0909091
358,0.0909091
359,0.0909091
360,0.0909091
361,0.0909091
362,0.0909091
363,0.0909091
364,0.0909091
365,0.0909091
366,0.0909091
367,0.0909091
368,0.0909091
369,0.0909091
370,0.0909091
371,0.0909091
372,0.0909091
373,0.0909091
374,0.0909091
375,0.0909091
376,0.0909091
377,0.0909091
378,0.0909091
379,0.0909091
380,0.0909091
381,0.0909091
382,0.0909091
383,0.0909091
384,0.0909091
385,0.0909091
386,0.0909091
387,0.0909091
388,0.0909091
389,0.0909091
390,0.0909091
391,0.0909091
392,0.0909091
393,0.0909091
394,0.0909091
395,0.0909091
396,0.0909091
397,0.0909091
398,0.0909091
399,0.0909091
400,0.0909091
401,0.0909091
402,0.0909091
403,0.0909091
404,0.0909091
405,0.0909091
406,0.0909091
407,0.0909091
408,0.0909091
409,0.0909091
410,0.0909091
411,0.0909091
412,0.0909091
413,0.0909091
414,0.0909091
415,0.0909091
416,0.0909091
417,0.0909091
418,0.0909091
419,0.0909091
420,0.0909091
421,0.0909091
422,0.0909091
423,0.0909091
424,0.0909091
425,0.0909091
426,0.0909091
427,0.0909091
428,0.0909091
429,0.0909091
430,0.0909091
431,0.0909091
432,0.0909091
433,0.0909091
434,0.0909091
435,0.0909091
436,0.0909091
437,0.0909091
438,0.0909091
439,0.0909091
440,0.0909091
441,0.0909091
442,0.0909091
443,0.0909091
444,0.0909091
445,0.0909091
446,0.0909091
447,0.0909091
448,0.0909091
449,0.0909091
0,0.0826446
1,0.0909091
2,0.0826446
3,0.0826446
4,0.0826446
5,0.0826446
6,0.0826446
7,0.0909091
8,0.0826446
9,0.0826446
10,0.0826446
11,0.0826446
12,0.0909091
13,0.0826446
14,0.0826446
15,0.0826446
16,0.0826446
17,0.0909091
18,0.0909091
19,0.0909091
20,0.0826446
21,0.0826446
22,0.0909091
23,0.0826446
24,0.0826446
25,0.0826446
26,0.0909091
27,0.0826446
28,0.0826446
29,0.0826446
30,0.0826446
31,0.0826446
32,0.0826446
33,0.0826446
34,0.0826446
35,0.0909091
36,0.0826446
37,0.0826446
38,0.0826446
39,0.0909091
40,0.0826446
41,0.0909091
42,0.0826446
43,0.0826446
44,0.0826446
45,0.0826446
46,0.0909091
47,0.0826446
48,0.0826446
49,0.0909091
50,0.0826446
51,0.0826446
52,0.0826446
53,0.0909091
54,0.0909091
55,0.0826446
56,0.0826446
57,0.0826446
58,0.0826446
59,0.0826446
60,0.0909091
61,0.0909091
62,0.0909091
63,0.0826446
64,0.0909091
65,0.0826446
66,0.0909091
67,0.0826446
68,0.0826446
69,0.0826446
70,0.0909091
71,0.0826446
72,0.0909091
73,0.0826446
74,0.0826446
75,0.0826446
76,0.0826446
77,0.0909091
78,0.0826446
79,0.0826446
80,0.0826446
81,0.0826446
82,0.0826446
83,0.0826446
84,0.0826446
85,0.0826446
86,0.0826446
87,0.0826446
88,0.0909091
89,0.0826446
90,0.0826446
91,0.0909091
92,0.0826446
93,0.0826446
94,0.0826446
95,0.0826446
96,0.0826446
97,0.0909091
98,0.0826446
99,0.0826446
100,0.0909091
101,0.0826446
102,0.0826446
103,0.0826446
104,0.0909091
105,0.0826446
106,0.0909091
107,0.0826446
108,0.0826446
109,0.0826446
110,0.0826446
111,0.0826446
112,0.0909091
113,0.0826446
114,0.0826446
115,0.0826446
116,0.0909091
117,0.0826446
118,0.0909091
119,0.0826446
120,0.0826446
121,0.0826446
122,0.0909091
123,0.0909091
124,0.0909091
125,0.0826446
126,0.0826446
127,0.0826446
128,0.0826446
129,0.0826446
130,0.0826446
131,0.0826446
132,0.0909091
133,0.0826446
134,0.0826446
135,0.0826446
136,0.0826446
137,0.0826446
138,0.0909091
139,0.0826446
140,0.0826446
141,0.0826446
142,0.0909091
143,0.0826446
144,0.0909091
145,0.0826446
146,0.0826446
147,0.0826446
148,0.0909091
149,0.0826446
150,0.0826446
151,0.0826446
152,0.0826446
153,0.0826446
154,0.0909091
155,0.0826446
156,0.0826446
157,0.0826446
158,0.0909091
159,0.0826446
160,0.0909091
161,0.0826446
162,0.0826446
163,0.0826446
164,0.0826446
165,0.0826446
166,0.0826446
167,0.0826446
168,0.0909091
169,0.0826446
170,0.0826446
171,0.0826446
172,0.0826446
173,0.0826446
174,0.0826446
175,0.0826446
176,0.0826446
177,0.0826446
178,0.0909091
179,0.0826446
180,0.0826446
181,0.0909091
182,0.0826446
183,0.0826446
184,0.0909091
185,0.0826446
186,0.0826446
187,0.0826446
188,0.0826446
189,0.0826446
190,0.0826446
191,0.0826446
192,0.0826446
193,0.0826446
194,0.0909091
195,0.0909091
196,0.0826446
197,0.0826446
198,0.0826446
199,0.0826446
200,0.0826446
201,0.0826446
202,0.0826446
203,0.0826446
204,0.0826446
205,0.0909091
206,0.0826446
207,0.0826446
208,0.0826446
209,0.0826446
210,0.0826446
211,0.0909091
212,0.0826446
213,0.0826446
214,0.0826446
215,0.0826446
216,0.0826446
217,0.0826446
218,0.0826446
219,0.0826446
220,0.0826446
221,0.0826446
222,0.0909091
223,0.0826446
224,0.0826446
225,0.0826446
226,0.0826446
227,0.0909091
228,0.0826446
229,0.0826446
230,0.0826446
231,0.0826446
232,0.0826446
233,0.0826446
234,0.0826446
235,0.0826446
236,0.0826446
237,0.0826446
238,0.0826446
239,0.0826446
240,0.0826446
241,0.0826446
242,0.0826446
243,0.0826446
244,0.0826446
245,0.0826446
246,0.0826446
247,0.0909091
248,0.0826446
249,0.0826446
250,0.0909091
251,0.0826446
252,0.0826446
253,0.0826446
254,0.0826446
255,0.0826446
256,0.0826446
257,0.0909091
258,0.0826446
259,0.0826446
260,0.0826446
261,0.0826446
262,0.0909091
263,0.0909091
264,0.0826446
265,0.0826446
266,0.0826446
267,0.0909091
268,0.0826446
269,0.0826446
270,0.0826446
271,0.0909091
272,0.0909091
273,0.0826446
274,0.0909091
275,0.0826446
276,0.0826446
277,0.0826446
278,0.0826446
279,0.0909091
280,0.0909091
281,0.0826446
282,0.0826446
283,0.0909091
284,0.0826446
285,0.0909091
286,0.0826446
287,0.0826446
288,0.0826446
289,0.0826446
290,0.0909091
291,0.0826446
292,0.0826446
293,0.0826446
294,0.0826446
295,0.0826446
296,0.0909091
297,0.0909091
298,0.0826446
299,0.0826446
300,0.0826446
301,0.0909091
302,0.0826446
303,0.0826446
304,0.0826446
305,0.0826446
306,0.0909091
307,0.0826446
308,0.0826446
309,0.0826446
310,0.0826446
311,0.0826446
312,0.0826446
313,0.0826446
314,0.0826446
315,0.0826446
316,0.0826446
317,0.0826446
318,0.0826446
319,0.0826446
320,0.0826446
321,0.0909091
322,0.0826446
323,0.0909091
324,0.0909091
325,0.0826446
326,0.0826446
327,0.0826446
328,0.0826446
329,0.0826446
330,0.0826446
331,0.0826446
332,0.0826446
333,0.0826446
334,0.0826446
335,0.0826446
336,0.0909091
337,0.0826446
338,0.0826446
339,0.0826446
340,0.0826446
341,0.0826446
342,0.0826446
343,0.0909091
344,0.0909091
345,0.0826446
346,0.0826446
347,0.0909091
348,0.0826446
349,0.0826446
350,0.0826446
351,0.0909091
352,0.0826446
353,0.0826446
354,0.0826446
355,0.0826446
356,0.0826446
357,0.0826446
358,0.0826446
359,0.0826446
360,0.0909091
361,0.0909091
362,0.0909091
363,0.0826446
364,0.0826446
365,0.0826446
366,0.0909091
367,0.0909091
368,0.0909091
369,0.0826446
370,0.0826446
371,0.0826446
372,0.0826446
373,0.0909091
374,0.0826446
375,0.0826446
376,0.0826446
377,0.0826446
378,0.0909091
379,0.0909091
380,0.0826446
381,0.0826446
382,0.0826446
383,0.0826446
384,0.0826446
385,0.0826446
386,0.0826446
387,0.0826446
388,0.0909091
389,0.0909091
390,0.0909091
391,0.0826446
392,0.0826446
393,0.0909091
394,0.0826446
395,0.0909091
396,0.0826446
397,0.0826446
398,0.0826446
399,0.0826446
400,0.0826446
401,0.0826446
402,0.0826446
403,0.0826446
404,0.0909091
405,0.0826446
406,0.0909091
407,0.0826446
408,0.0909091
409,0.0826446
410,0.0826446
411,0.0909091
412,0.0826446
413,0.0826446
414,0.0826446
415,0.0826446
416,0.0826446
417,0.0826446
418,0.0826446
419,0.0909091
420,0.0909091
421,0.0826446
422,0.0909091
423,0.0909091
424,0.0826446
425,0.0909091
426,0.0826446
427,0.0826446
428,0.0826446
429,0.0826446
430,0.0826446
431,0.0826446
432,0.0909091
433,0.0826446
434,0.0826446
435,0.0909091
436,0.0826446
437,0.0909091
438,0.0826446
439,0.0826446
440,0.0826446
441,0.0909091
442,0.0826446
443,0.0826446
444,0.0826446
445,0.0826446
446,0.0826446
447,0.0826446
448,0.0909091
449,0.0826446
0,0.0826446
1,0.0909091
2,0.0826446
3,0.0826446
4,0.0826446
5,0.0826446
6,0.0826446
7,0.0909091
8,0.0826446
9,0.0826446
10,0.0826446
11,0.0826446
12,0.0826446
13,0.0826446
14,0.0826446
15,0.0826446
16,0.0826446
17,0.0909091
18,0.0909091
19,0.0909091
20,0.0826446
21,0.0826446
22,0.0909091
23,0.0826446
24,0.0826446
25,0.0826446
26,0.0909091
27,0.0826446
28,0.0826446
29,0.0751315
30,0.0826446
31,0.0826446
32,0.0826446
33,0.0826446
34,0.0826446
35,0.0909091
36,0.0826446
37,0.0826446
38,0.0826446
39,0.0909091
40,0.0826446
41,0.0909091
42,0.0826446
43,0.0826446
44,0.0826446
45,0.0826446
46,0.0909091
47,0.0826446
48,0.0826446
49,0.0909091
50,0.0826446
51,0.0826446
52,0.0826446
53,0.0909091
54,0.0826446
55,0.0826446
56,0.0826446
57,0.0826446
58,0.0826446
59,0.0826446
60,0.0826446
61,0.0909091
62,0.0909091
63,0.0826446
64,0.0909091
65,0.0826446
66,0.0909091
67,0.0826446
68,0.0826446
69,0.0826446
70,0.0909091
71,0.0826446
72,0.0909091
73,0.0826446
74,0.0826446
75,0.0826446
76,0.0826446
77,0.0909091
78,0.0826446
79,0.0826446
80,0.0826446
81,0.0826446
82,0.0826446
83,0.0826446
84,0.0826446
85,0.0826446
86,0.0826446
87,0.0826446
88,0.0909091
89,0.0826446
90,0.0826446
91,0.0909091
92,0.0826446
93,0.0826446
94,0.0826446
95,0.0826446
96,0.0826446
97,0.0909091
98,0.0826446
99,0.0826446
100,0.0909091
101,0.0826446
102,0.0826446
103,0.0826446
104,0.0909091
105,0.0826446
106,0.0909091
107,0.0826446
108,0.0826446
109,0.0826446
110,0.0826446
111,0.0826446
112,0.0909091
113,0.0826446
114,0.0826446
115,0.0826446
116,0.0909091
117,0.0826446
118,0.0909091
119,0.0751315
120,0.0826446
121,0.0826446
122,0.0909091
123,0.0909091
124,0.0909091
125,0.0826446
126,0.0826446
127,0.0826446
128,0.0826446
129,0.0826446
130,0.0826446
131,0.0826446
132,0.0909091
133,0.0826446
134,0.0826446
135,0.0826446
136,0.0826446
137,0.0826446
138,0.0909091
139,0.0826446
140,0.0826446
141,0.0826446
142,0.0909091
143,0.0826446
144,0.0826446
145,0.0826446
146,0.0826446
147,0.0826446
148,0.0909091
149,0.0826446
150,0.0826446
151,0.0826446
152,0.0826446
153,0.0751315
154,0.0909091
155,0.0826446
156,0.0826446
157,0.0826446
158,0.0826446
159,0.0826446
160,0.0909091
161,0.0826446
162,0.0826446
163,0.0826446
164,0.0826446
165,0.0826446
166,0.0826446
167,0.0826446
168,0.0909091
169,0.0826446
170,0.0826446
171,0.0826446
172,0.0826446
173,0.0826446
174,0.0826446
175,0.0826446
176,0.0826446
177,0.0826446
178,0.0909091
179,0.0826446
180,0.0826446
181,0.0909091
182,0.0826446
183,0.0826446
184,0.0826446
185,0.0826446
186,0.0826446
187,0.0826446
188,0.0826446
189,0.0826446
190,0.0826446
191,0.0826446
192,0.0826446
193,0.0826446
194,0.0909091
195,0.0909091
196,0.0826446
197,0.0826446
198,0.0826446
199,0.0826446
200,0.0826446
201,0.0826446
202,0.0826446
203,0.0826446
204,0.0826446
205,0.0826446
206,0.0826446
207,0.0826446
208,0.0826446
209,0.0826446
210,0.0826446
211,0.0909091
212,0.0751315
213,0.0826446
214,0.0826446
215,0.0826446
216,0.0826446
217,0.0826446
218,0.0826446
219,0.0826446
220,0.0826446
221,0.0826446
222,0.0909091
223,0.0826446
224,0.0826446
225,0.0826446
226,0.0826446
227,0.0826446
228,0.0826446
229,0.0826446
230,0.0826446
231,0.0826446
232,0.0826446
233,0.0826446
234,0.0826446
235,0.0826446
236,0.0826446
237,0.0826446
238,0.0826446
239,0.0826446
240,0.0826446
241,0.0826446
242,0.0826446
243,0.0826446
244,0.0826446
245,0.0826446
246,0.0826446
247,0.0909091
248,0.0826446
249,0.0826446
250,0.0909091
251,0.0826446
252,0.0826446
253,0.0826446
254,0.0826446
255,0.0826446
256,0.0826446
257,0.0909091
258,0.0826446
259,0.0751315
260,0.0826446
261,0.0826446
262,0.0909091
263,0.0826446
264,0.0826446
265,0.0826446
266,0.0826446
267,0.0909091
268,0.0826446
269,0.0826446
270,0.0751315
271,0.0909091
272,0.0909091
273,0.0826446
274,0.0909091
275,0.0826446
276,0.0826446
277,0.0826446
278,0.0751315
279,0.0909091
280,0.0909091
281,0.0826446
282,0.0826446
283,0.0826446
284,0.0826446
285,0.0909091
286,0.0826446
287,0.0826446
288,0.0826446
289,0.0826446
290,0.0909091
291,0.0826446
292,0.0826446
293,0.0826446
294,0.0751315
295,0.0826446
296,0.0826446
297,0.0909091
298,0.0826446
299,0.0826446
300,0.0826446
301,0.0909091
302,0.0826446
303,0.0826446
304,0.0826446
305,0.0826446
306,0.0909091
307,0.0826446
308,0.0826446
309,0.0826446
310,0.0826446
311,0.0826446
312,0.0826446
313,0.0826446
314,0.0826446
315,0.0826446
316,0.0826446
317,0.0826446
318,0.0826446
319,0.0826446
320,0.0826446
321,0.0909091
322,0.0826446
323,0.0909091
324,0.0909091
325,0.0826446
326,0.0826446
327,0.0826446
328,0.0826446
329,0.0826446
330,0.0826446
331,0.0826446
332,0.0826446
333,0.0826446
334,0.0751315
335,0.0826446
336,0.0909091
337,0.0826446
338,0.0826446
339,0.0826446
340,0.0826446
341,0.0826446
342,0.0826446
343,0.0909091
344,0.0909091
345,0.0826446
346,0.0826446
347,0.0909091
348,0.0826446
349,0.0826446
350,0.0826446
351,0.0909091
352,0.0751315
353,0.0826446
354,0.0826446
355,0.0826446
356,0.0826446
357,0.0826446
358,0.0826446
359,0.0826446
360,0.0909091
361,0.0909091
362,0.0909091
363,0.0826446
364,0.0826446
365,0.0826446
366,0.0826446
367,0.0909091
368,0.0909091
369,0.0826446
370,0.0826446
371,0.0826446
372,0.0826446
373,0.0909091
374,0.0826446
375,0.0826446
376,0.0826446
377,0.0826446
378,0.0909091
379,0.0909091
380,0.0826446
381,0.0826446
382,0.0826446
383,0.0826446
384,0.0826446
385,0.0826446
386,0.0826446
387,0.0826446
388,0.0909091
389,0.0909091
390,0.0909091
391,0.0826446
392,0.0826446
393,0.0909091
394,0.0826446
395,0.0909091
396,0.0751315
397,0.0826446
398,0.0826446
399,0.0826446
400,0.0826446
401,0.0826446
402,0.0826446
403,0.0826446
404,0.0826446
405,0.0826446
406,0.0909091
407,0.0826446
408,0.0909091
409,0.0826446
410,0.0826446
411,0.0909091
412,0.0826446
413,0.0826446
414,0.0751315
415,0.0826446
416,0.0826446
417,0.0826446
418,0.0826446
419,0.0909091
420,0.0909091
421,0.0826446
422,0.0909091
423,0.0909091
424,0.0826446
425,0.0909091
426,0.0826446
427,0.0826446
428,0.0826446
429,0.0826446
430,0.0826446
431,0.0826446
432,0.0909091
433,0.0826446
434,0.0826446
435,0.0909091
436,0.0826446
437,0.0909091
438,0.0826446
439,0.0826446
440,0.0826446
441,0.0909091
442,0.0826446
443,0.0826446
444,0.0826446
445,0.0826446
446,0.0826446
447,0.0826446
448,0.0909091
449,0.0826446
0,0.0751315
1,0.0826446
2,0.0826446
3,0.0826446
4,0.0826446
5,0.0826446
6,0.0826446
7,0.0826446
8,0.0751315
9,0.0826446
10,0.0751315
11,0.0826446
12,0.0826446
13,0.0826446
14,0.0826446
15,0.0826446
16,0.0826446
17,0.0909091
18,0.0826446
19,0.0909091
20,0.0826446
21,0.0826446
22,0.0909091
23,0.0751315
24,0.0826446
25,0.0751315
26,0.0826446
27,0.0826446
28,0.0751315
29,0.0751315
30,0.0751315
31,0.0826446
32,0.0826446
33,0.0751315
34,0.0826446
35,0.0826446
36,0.0751315
37,0.0751315
38,0.0751315
39,0.0909091
40,0.0751315
41,0.0826446
42,0.0751315
43,0.0751315
44,0.0826446
45,0.0826446
46,0.0909091
47,0.0751315
48,0.0751315
49,0.0909091
50,0.0826446
51,0.0751315
52,0.0751315
53,0.0909091
54,0.0826446
55,0.0826446
56,0.0826446
57,0.0751315
58,0.0826446
59,0.0751315
60,0.0826446
61,0.0826446
62,0.0909091
63,0.0826446
64,0.0826446
65,0.0826446
66,0.0909091
67,0.0751315
68,0.0826446
69,0.0826446
70,0.0826446
71,0.0751315
72,0.0909091
73,0.0751315
74,0.0751315
75,0.0751315
76,0.0751315
77,0.0826446
78,0.0751315
79,0.0751315
80,0.0751315
81,0.0751315
82,0.0751315
83,0.0751315
84,0.0751315
85,0.0826446
86,0.0826446
87,0.0751315
88,0.0826446
89,0.0751315
90,0.0826446
91,0.0909091
92,0.0751315
93,0.0826446
94,0.0751315
95,0.0826446
96,0.0826446
97,0.0826446
98,0.0826446
99,0.0751315
100,0.0826446
101,0.0751315
102,0.0751315
103,0.0751315
104,0.0826446
105,0.0751315
106,0.0909091
107,0.0826446
108,0.0826446
109,0.0826446
110,0.0826446
111,0.0826446
112,0.0826446
113,0.0751315
114,0.0751315
115,0.0751315
116,0.0826446
117,0.0751315
118,0.0909091
119,0.0751315
120,0.0826446
121,0.0826446
122,0.0826446
123,0.0909091
124,0.0909091
125,0.0751315
126,0.0826446
127,0.0751315
128,0.0751315
129,0.0751315
130,0.0751315
131,0.0751315
132,0.0909091
133,0.0751315
134,0.0826446
135,0.0826446
136,0.0751315
137,0.0751315
138,0.0826446
139,0.0751315
140,0.0751315
141,0.0826446
142,0.0826446
143,0.0751315
144,0.0826446
145,0.0826446
146,0.0826446
147,0.0826446
148,0.0826446
149,0.0826446
150,0.0751315
151,0.0751315
152,0.0826446
153,0.0751315
154,0.0826446
155,0.0826446
156,0.0826446
157,0.0751315
158,0.0826446
159,0.0826446
160,0.0826446
161,0.0751315
162,0.0751315
163,0.0826446
164,0.0751315
165,0.0826446
166,0.0751315
167,0.0751315
168,0.0826446
169,0.0826446
170,0.0826446
171,0.0751315
172,0.0751315
173,0.0751315
174,0.0751315
175,0.0826446
176,0.0751315
177,0.0826446
178,0.0826446
179,0.0751315
180,0.0751315
181,0.0909091
182,0.0826446
183,0.0826446
184,0.0826446
185,0.0751315
186,0.0751315
187,0.0751315
188,0.0826446
189,0.0826446
190,0.0826446
191,0.0751315
192,0.0826446
193,0.0826446
194,0.0826446
195,0.0909091
196,0.0751315
197,0.0751315
198,0.0751315
199,0.0751315
200,0.0826446
201,0.0751315
202,0.0826446
203,0.0826446
204,0.0826446
205,0.0826446
206,0.0826446
207,0.0826446
208,0.0826446
209,0.0751315
210,0.0751315
211,0.0909091
212,0.0751315
213,0.0751315
214,0.0826446
215,0.0826446
216,0.0751315
217,0.0751315
218,0.0751315
219,0.0826446
220,0.0751315
221,0.0826446
222,0.0909091
223,0.0751315
224,0.0826446
225,0.0751315
226,0.0751315
227,0.0826446
228,0.0826446
229,0.0751315
230,0.0751315
231,0.0751315
232,0.0751315
233,0.0826446
234,0.0826446
235,0.0751315
236,0.0826446
237,0.0826446
238,0.0751315
239,0.0826446
240,0.0826446
241,0.0751315
242,0.0751315
243,0.0751315
244,0.0826446
245,0.0826446
246,0.0751315
247,0.0826446
248,0.0826446
249,0.0751315
250,0.0909091
251,0.0826446
252,0.0826446
253,0.0751315
254,0.0751315
255,0.0751315
256,0.0751315
257,0.0826446
258,0.0751315
259,0.0751315
260,0.0751315
261,0.0826446
262,0.0909091
263,0.0826446
264,0.0751315
265,0.0826446
266,0.0826446
267,0.0826446
268,0.0826446
269,0.0751315
270,0.0751315
271,0.0909091
272,0.0826446
273,0.0826446
274,0.0826446
275,0.0751315
276,0.0751315
277,0.0826446
278,0.0683013
279,0.0909091
280,0.0909091
281,0.0826446
282,0.0751315
283,0.0826446
284,0.0826446
285,0.0826446
286,0.0751315
287,0.0826446
288,0.0826446
289,0.0751315
290,0.0909091
291,0.0826446
292,0.0826446
293,0.0826446
294,0.0751315
295,0.0826446
296,0.0826446
297,0.0909091
298,0.0826446
299,0.0751315
300,0.0751315
301,0.0909091
302,0.0751315
303,0.0751315
304,0.0751315
305,0.0751315
306,0.0909091
307,0.0751315
308,0.0751315
309,0.0751315
310,0.0751315
311,0.0751315
312,0.0826446
313,0.0826446
314,0.0751315
315,0.0751315
316,0.0751315
317,0.0826446
318,0.0826446
319,0.0826446
320,0.0826446
321,0.0909091
322,0.0826446
323,0.0826446
324,0.0909091
325,0.0751315
326,0.0826446
327,0.0826446
328,0.0751315
329,0.0751315
330,0.0751315
331,0.0826446
332,0.0826446
333,0.0826446
334,0.0683013
335,0.0826446
336,0.0826446
337,0.0751315
338,0.0826446
339,0.0751315
340,0.0751315
341,0.0751315
342,0.0826446
343,0.0826446
344,0.0909091
345,0.0826446
346,0.0826446
347,0.0826446
348,0.0751315
349,0.0826446
350,0.0826446
351,0.0826446
352,0.0751315
353,0.0826446
354,0.0826446
355,0.0826446
356,0.0751315
357,0.0751315
358,0.0826446
359,0.0826446
360,0.0826446
361,0.0826446
362,0.0826446
363,0.0751315
364,0.0751315
365,0.0751315
366,0.0826446
367,0.0826446
368,0.0826446
369,0.0751315
370,0.0826446
371,0.0751315
372,0.0751315
373,0.0909091
374,0.0826446
375,0.0751315
376,0.0751315
377,0.0826446
378,0.0909091
379,0.0826446
380,0.0751315
381,0.0751315
382,0.0751315
383,0.0826446
384,0.0826446
385,0.0751315
386,0.0826446
387,0.0826446
388,0.0826446
389,0.0826446
390,0.0826446
391,0.0751315
392,0.0751315
393,0.0826446
394,0.0826446
395,0.0909091
396,0.0751315
397,0.0751315
398,0.0826446
399,0.0751315
400,0.0751315
401,0.0826446
402,0.0826446
403,0.0751315
404,0.0826446
405,0.0751315
406,0.0909091
407,0.0826446
408,0.0909091
409,0.0751315
410,0.0826446
411,0.0826446
412,0.0751315
413,0.0751315
414,0.0751315
415,0.0826446
416,0.0751315
417,0.0751315
418,0.0826446
419,0.0909091
420,0.0826446
421,0.0751315
422,0.0909091
423,0.0909091
424,0.0751315
425,0.0909091
426,0.0826446
427,0.0826446
428,0.0751315
429,0.0751315
430,0.0826446
431,0.0751315
432,0.0826446
433,0.0751315
434,0.0826446
435,0.0826446
436,0.0826446
437,0.0826446
438,0.0826446
439,0.0751315
440,0.0751315
441,0.0826446
442,0.0751315
443,0.0751315
444,0.0826446
445,0.0826446
446,0.0826446
447,0.0826446
448,0.0826446
449,0.0751315
0,0.0751315
1,0.0826446
2,0.0826446
3,0.0826446
4,0.0826446
5,0.0826446
6,0.0826446
7,0.0826446
8,0.0751315
9,0.0826446
10,0.0751315
11,0.0751315
12,0.0826446
13,0.0826446
14,0.0826446
15,0.0826446
16,0.0826446
17,0.0909091
18,0.0826446
19,0.0826446
20,0.0826446
21,0.0826446
22,0.0909091
23,0.0751315
24,0.0826446
25,0.0751315
26,0.0826446
27,0.0751315
28,0.0751315
29,0.0751315
30,0.0751315
31,0.0826446
32,0.0826446
33,0.0751315
34,0.0826446
35,0.0826446
36,0.0751315
37,0.0751315
38,0.0751315
39,0.0909091
40,0.0683013
41,0.0826446
42,0.0751315
43,0.0751315
44,0.0826446
45,0.0826446
46,0.0909091
47,0.0751315
48,0.0751315
49,0.0909091
50,0.0826446
51,0.0751315
52,0.0751315
53,0.0909091
54,0.0826446
55,0.0826446
56,0.0826446
57,0.0751315
58,0.0826446
59,0.0751315
60,0.0826446
61,0.0826446
62,0.0909091
63,0.0826446
64,0.0826446
65,0.0751315
66,0.0909091
67,0.0751315
68,0.0826446
69,0.0826446
70,0.0826446
71,0.0751315
72,0.0826446
73,0.0751315
74,0.0751315
75,0.0751315
76,0.0751315
77,0.0826446
78,0.0751315
79,0.0751315
80,0.0751315
81,0.0751315
82,0.0751315
83,0.0751315
84,0.0751315
85,0.0826446
86,0.0826446
87,0.0751315
88,0.0826446
89,0.0751315
90,0.0826446
91,0.0909091
92,0.0751315
93,0.0826446
94,0.0751315
95,0.0826446
96,0.0826446
97,0.0826446
98,0.0826446
99,0.0751315
100,0.0826446
101,0.0751315
102,0.0751315
103,0.0751315
104,0.0826446
105,0.0751315
106,0.0909091
107,0.0826446
108,0.0826446
109,0.0751315
110,0.0826446
111,0.0751315
112,0.0751315
113,0.0751315
114,0.0751315
115,0.0751315
116,0.0826446
117,0.0751315
118,0.0826446
119,0.0751315
120,0.0826446
121,0.0826446
122,0.0826446
123,0.0909091
124,0.0909091
125,0.0751315
126,0.0826446
127,0.0751315
128,0.0751315
129,0.0751315
130,0.0751315
131,0.0751315
132,0.0826446
133,0.0751315
134,0.0826446
135,0.0826446
136,0.0751315
137,0.0751315
138,0.0826446
139,0.0751315
140,0.0751315
141,0.0751315
142,0.0826446
143,0.0751315
144,0.0826446
145,0.0826446
146,0.0826446
147,0.0826446
148,0.0751315
149,0.0826446
150,0.0751315
151,0.0751315
152,0.0826446
153,0.0751315
154,0.0826446
155,0.0751315
156,0.0826446
157,0.0751315
158,0.0826446
159,0.0826446
160,0.0826446
161,0.0751315
162,0.0751315
163,0.0826446
164,0.0751315
165,0.0826446
166,0.0751315
167,0.0751315
168,0.0826446
169,0.0826446
170,0.0826446
171,0.0751315
172,0.0751315
173,0.0751315
174,0.0751315
175,0.0826446
176,0.0751315
177,0.0826446
178,0.0826446
179,0.0751315
180,0.0751315
181,0.0909091
182,0.0751315
183,0.0826446
184,0.0826446
185,0.0751315
186,0.0751315
187,0.0751315
188,0.0826446
189,0.0826446
190,0.0826446
191,0.0751315
192,0.0826446
193,0.0826446
194,0.0826446
195,0.0909091
196,0.0751315
197,0.0751315
198,0.0751315
199,0.0751315
200,0.0751315
201,0.0683013
202,0.0826446
203,0.0826446
204,0.0826446
205,0.0826446
206,0.0826446
207,0.0826446
208,0.0826446
209,0.0751315
210,0.0751315
211,0.0909091
212,0.0751315
213,0.0751315
214,0.0826446
215,0.0826446
216,0.0683013
217,0.0751315
218,0.0751315
219,0.0826446
220,0.0683013
221,0.0826446
222,0.0909091
223,0.0751315
224,0.0826446
225,0.0751315
226,0.0751315
227,0.0826446
228,0.0826446
229,0.0751315
230,0.0751315
231,0.0751315
232,0.0751315
233,0.0826446
234,0.0826446
235,0.0751315
236,0.0826446
237,0.0751315
238,0.0751315
239,0.0826446
240,0.0826446
241,0.0751315
242,0.0751315
243,0.0751315
244,0.0751315
245,0.0751315
246,0.0751315
247,0.0826446
248,0.0826446
249,0.0751315
250,0.0826446
251,0.0826446
252,0.0826446
253,0.0751315
254,0.0751315
255,0.0751315
256,0.0751315
257,0.0826446
258,0.0751315
259,0.0751315
260,0.0751315
261,0.0826446
262,0.0909091
263,0.0826446
264,0.0751315
265,0.0826446
266,0.0826446
267,0.0826446
268,0.0826446
269,0.0683013
270,0.0751315
271,0.0826446
272,0.0826446
273,0.0826446
274,0.0826446
275,0.0751315
276,0.0751315
277,0.0826446
278,0.0683013
279,0.0909091
280,0.0909091
281,0.0826446
282,0.0751315
283,0.0826446
284,0.0826446
285,0.0826446
286,0.0751315
287,0.0826446
288,0.0826446
289,0.0751315
290,0.0909091
291,0.0826446
292,0.0751315
293,0.0826446
294,0.0751315
295,0.0826446
296,0.0826446
297,0.0909091
298,0.0826446
299,0.0751315
300,0.0751315
301,0.0909091
302,0.0751315
303,0.0751315
304,0.0751315
305,0.0751315
306,0.0909091
307,0.0751315
308,0.0751315
309,0.0751315
310,0.0751315
311,0.0751315
312,0.0826446
313,0.0826446
314,0.0751315
315,0.0751315
316,0.0751315
317,0.0826446
318,0.0826446
319,0.0751315
320,0.0826446
321,0.0826446
322,0.0826446
323,0.0826446
324,0.0826446
325,0.0751315
326,0.0751315
327,0.0751315
328,0.0751315
329,0.0751315
330,0.0683013
331,0.0826446
332,0.0826446
333,0.0826446
334,0.0683013
335,0.0751315
336,0.0826446
337,0.0751315
338,0.0826446
339,0.0751315
340,0.0751315
341,0.0751315
342,0.0826446
343,0.0826446
344,0.0909091
345,0.0826446
346,0.0826446
347,0.0826446
348,0.0751315
349,0.0826446
350,0.0826446
351,0.0826446
352,0.0751315
353,0.0826446
354,0.0826446
355,0.0826446
356,0.0751315
357,0.0751315
358,0.0826446
359,0.0751315
360,0.0826446
361,0.0826446
362,0.0826446
363,0.0751315
364,0.0751315
365,0.0751315
366,0.0826446
367,0.0826446
368,0.0826446
369,0.0751315
370,0.0826446
371,0.0751315
372,0.0751315
373,0.0909091
374,0.0826446
375,0.0751315
376,0.0751315
377,0.0826446
378,0.0826446
379,0.0826446
380,0.0751315
381,0.0751315
382,0.0751315
383,0.0826446
384,0.0826446
385,0.0751315
386,0.0826446
387,0.0826446
388,0.0826446
389,0.0826446
390,0.0826446
391,0.0751315
392,0.0751315
393,0.0826446
394,0.0826446
395,0.0826446
396,0.0751315
397,0.0751315
398,0.0826446
399,0.0751315
400,0.0751315
401,0.0826446
402,0.0826446
403,0.0751315
404,0.0826446
405,0.0751315
406,0.0909091
407,0.0826446
408,0.0909091
409,0.0751315
410,0.0826446
411,0.0826446
412,0.0751315
413,0.0751315
414,0.0751315
415,0.0826446
416,0.0751315
417,0.0751315
418,0.0826446
419,0.0909091
420,0.0826446
421,0.0751315
422,0.0909091
423,0.0909091
424,0.0751315
425,0.0909091
426,0.0826446
427,0.0826446
428,0.0751315
429,0.0751315
430,0.0826446
431,0.0751315
432,0.0826446
433,0.0751315
434,0.0826446
435,0.0826446
436,0.0826446
437,0.0826446
438,0.0826446
439,0.0751315
440,0.0751315
441,0.0826446
442,0.0751315
443,0.0751315
444,0.0751315
445,0.0826446
446,0.0826446
447,0.0826446
448,0.0826446
449,0.0751315
