0,0.119368
1,0.0613133
2,0.0552051
3,0.0744055
4,0.127905
5,0.0492887
6,0.0883371
7,0.0593074
8,0.0463519
9,0.0665768
10,0.115312
11,0.0534891
12,0.0573114
13,0.0522133
14,0.0578784
15,0.0425343
16,0.0492322
17,0.0537725
18,0.0511096
19,0.054565
20,0.0445135
21,0.0989697
22,0.0642921
23,0.120668
24,0.0498692
25,0.0446908
26,0.0332431
27,0.125018
28,0.0464656
29,0.0439371
30,0.116454
31,0.0446756
32,0.0472742
33,0.0411942
34,0.054227
35,0.0591965
36,0.0736154
37,0.052352
38,0.064135
39,0.0888939
40,0.123498
41,0.0651876
42,0.0486626
43,0.04531
44,0.131176
45,0.0510951
46,0.0399463
47,0.0713302
48,0.0464356
49,0.0633343
50,0.0934283
51,0.0388196
52,0.0841885
53,0.0572887
54,0.0512646
55,0.11915
56,0.102727
57,0.0625768
58,0.0471135
59,0.0691707
60,0.0754133
61,0.0553016
62,0.0433256
63,0.0384607
64,0.0483871
65,0.0554682
66,0.0419818
67,0.0369069
68,0.0558668
69,0.120768
70,0.0557317
71,0.115836
72,0.0551331
73,0.101067
74,0.0516259
75,0.0975482
76,0.0593292
77,0.0543538
78,0.0473618
79,0.0439861
80,0.059867
81,0.096186
82,0.0584257
83,0.0992968
84,0.0422666
85,0.0944161
86,0.0490729
87,0.0637759
88,0.0684592
89,0.105854
90,0.0946001
91,0.0568098
92,0.0445032
93,0.0784783
94,0.0550408
95,0.0649755
96,0.0556284
97,0.0688483
98,0.0867718
99,0.0669862
100,0.0658334
101,0.0505564
102,0.0622327
103,0.0645935
104,0.0499148
105,0.0480743
106,0.0396008
107,0.0498827
108,0.0910306
109,0.0444237
110,0.0936527
111,0.0645844
112,0.0538003
113,0.100845
114,0.0581591
115,0.0640642
116,0.055251
117,0.0425838
118,0.0544105
119,0.0378216
120,0.0566178
121,0.0350926
122,0.0480896
123,0.0643064
124,0.0585064
125,0.0769038
126,0.0431166
127,0.0452923
128,0.0619435
129,0.0442324
130,0.0486213
131,0.0553169
132,0.0512149
133,0.0440486
134,0.107836
135,0.0628125
136,0.0805431
137,0.0367187
138,0.0499516
139,0.0915971
140,0.11632
141,0.0573675
142,0.0919266
143,0.0353586
144,0.0492734
145,0.0448138
146,0.0540596
147,0.145221
148,0.0605781
149,0.0400256
150,0.0562332
151,0.0479288
152,0.121502
153,0.0673243
154,0.0463279
155,0.0680205
156,0.0404108
157,0.0415846
158,0.055502
159,0.0530248
160,0.0483348
161,0.0545673
162,0.040672
163,0.0588034
164,0.0569688
165,0.044825
166,0.0404432
167,0.0476876
168,0.0554862
169,0.117911
170,0.070172
171,0.065945
172,0.042061
173,0.0767997
174,0.0590793
175,0.0494116
176,0.119103
177,0.0428117
178,0.0509895
179,0.039689
180,0.053286
181,0.0596426
182,0.0556495
183,0.0634508
184,0.0572092
185,0.0622536
186,0.0789296
187,0.0491985
188,0.038459
189,0.0402364
190,0.0404877
191,0.0506168
192,0.0607459
193,0.0529289
194,0.0564104
195,0.0532889
196,0.0400574
197,0.0945796
198,0.0436469
199,0.0495591
200,0.0629747
201,0.0631568
202,0.0597125
203,0.058792
204,0.0497862
205,0.0396722
206,0.0646307
207,0.0450604
208,0.0467933
209,0.0495135
210,0.0500017
211,0.123342
212,0.142271
213,0.115086
214,0.120306
215,0.0659516
216,0.0554308
217,0.0603687
218,0.0562737
219,0.0577968
220,0.0552338
221,0.0590183
222,0.0977084
223,0.0409319
224,0.0734373
225,0.0489633
226,0.0754358
227,0.0640244
228,0.0447451
229,0.0384935
230,0.0746708
231,0.11226
232,0.0852775
233,0.112353
234,0.0648226
235,0.0334312
236,0.0654872
237,0.06192
238,0.0712098
239,0.0444807
240,0.051687
241,0.0936937
242,0.104718
243,0.0460041
244,0.0396516
245,0.0420082
246,0.0415917
247,0.10247
248,0.0431116
249,0.0596852
250,0.0462653
251,0.0875958
252,0.0436266
253,0.0540592
254,0.0389619
255,0.0538573
256,0.124809
257,0.0394231
258,0.0600107
259,0.103803
260,0.0382083
261,0.0427752
262,0.112247
263,0.0925828
264,0.0481236
265,0.0587812
266,0.0518122
267,0.0621361
268,0.0572194
269,0.0593979
270,0.0435175
271,0.0436084
272,0.057
273,0.0965579
274,0.0548194
275,0.0566661
276,0.0488053
277,0.09182
278,0.0479893
279,0.0544556
280,0.0441739
281,0.114176
282,0.0492478
283,0.0351249
284,0.103299
285,0.112377
286,0.056653
287,0.0818875
288,0.0790725
289,0.0732746
290,0.0501039
291,0.0556868
292,0.0507929
293,0.0547805
294,0.052316
295,0.064518
296,0.0517131
297,0.0401047
298,0.120107
299,0.0556476
300,0.0629548
301,0.0536629
302,0.0473158
303,0.0569896
304,0.140734
305,0.0365793
306,0.0447216
307,0.0541037
308,0.0570321
309,0.118413
310,0.0535104
311,0.0513331
312,0.0914163
313,0.0427733
314,0.139762
315,0.0396195
316,0.0557894
317,0.069629
318,0.0568359
319,0.0356674
320,0.0452398
321,0.0448415
322,0.0479793
323,0.0509219
324,0.0859747
325,0.0517399
326,0.143052
327,0.0514016
328,0.0468813
329,0.0408733
330,0.0414177
331,0.0430893
332,0.0678471
333,0.0463306
334,0.0437236
335,0.0581076
336,0.0613827
337,0.0422274
338,0.0398436
339,0.041734
340,0.12121
341,0.111275
342,0.0404335
343,0.070559
344,0.0827328
345,0.0525556
346,0.0520482
347,0.061911
348,0.0556447
349,0.0739497
350,0.117391
351,0.0440519
352,0.0550955
353,0.0406817
354,0.0899614
355,0.0415744
356,0.0532336
357,0.0611179
358,0.0680512
359,0.0676501
360,0.0371643
361,0.0505265
362,0.123888
363,0.0518833
364,0.105791
365,0.049601
366,0.0504188
367,0.0455928
368,0.128486
369,0.0581041
370,0.116459
371,0.0448229
372,0.0632686
373,0.0651465
374,0.0691408
375,0.0538694
376,0.0421532
377,0.0583494
378,0.0573205
379,0.0398943
380,0.0613396
381,0.121246
382,0.0575138
383,0.0605512
384,0.0732249
385,0.0401984
386,0.0471609
387,0.0429632
388,0.0471284
389,0.055247
390,0.117481
391,0.103185
392,0.0856597
393,0.0516172
394,0.0472934
395,0.091573
396,0.0503513
397,0.0539915
398,0.0535396
399,0.0604924
400,0.0520655
401,0.0699509
402,0.0642602
403,0.0574697
404,0.0572133
405,0.0688439
406,0.040268
407,0.11785
408,0.0477462
409,0.0686249
410,0.0342971
411,0.0569542
412,0.0462494
413,0.0490601
414,0.0530952
415,0.0453008
416,0.0730012
417,0.0943477
418,0.0556551
419,0.0541191
420,0.0609274
421,0.122423
422,0.0693616
423,0.0701602
424,0.0739653
425,0.0660433
426,0.0711019
427,0.0767989
428,0.0504719
429,0.0561361
430,0.0391341
431,0.0590241
432,0.040534
433,0.0443473
434,0.0606683
435,0.0613454
436,0.0608807
437,0.067981
438,0.0798718
439,0.0599217
440,0.0953431
441,0.102054
442,0.0482452
443,0.0558851
444,0.0410895
445,0.0514281
446,0.0558753
447,0.0551077
448,0.0532265
449,0.0535656
450,0.0662898
451,0.0430883
452,0.104217
453,0.0724813
454,0.0742344
455,0.0556657
456,0.0471036
457,0.0413559
458,0.0559501
459,0.0547157
460,0.131453
461,0.0997881
462,0.0495949
463,0.0359987
464,0.133603
465,0.0859557
466,0.0661267
467,0.0416263
468,0.0475795
469,0.0710763
470,0.0589292
471,0.0487464
472,0.0780705
473,0.0684169
474,0.113202
475,0.0559851
476,0.0512779
477,0.115404
478,0.0739769
479,0.0976991
480,0.0416124
481,0.069913
482,0.0718896
483,0.0467434
484,0.0637698
485,0.0912044
486,0.0609483
487,0.0500359
488,0.0707139
489,0.0954004
490,0.0578665
491,0.0443368
492,0.0638727
493,0.0807804
494,0.0583667
495,0.109199
496,0.0523836
497,0.103428
498,0.0347864
499,0.061966
500,0.0558504
501,0.0544889
502,0.0806926
503,0.0438869
504,0.0665556
505,0.0783505
506,0.106025
507,0.0475545
508,0.075234
509,0.0859711
510,0.0711165
511,0.0881292
512,0.049498
513,0.0579944
514,0.0603487
515,0.0850926
516,0.0562422
517,0.0861777
518,0.0502479
519,0.0398408
520,0.0545142
521,0.0528272
522,0.0916868
523,0.0988303
524,0.0722703
525,0.124728
526,0.0721887
527,0.0399069
528,0.0402333
529,0.0976491
530,0.0872365
531,0.0817227
532,0.0925917
533,0.0529955
534,0.0617202
535,0.0408267
536,0.0494525
537,0.0573738
538,0.0465798
539,0.0554622
540,0.0516537
541,0.0516137
542,0.0420078
543,0.0553297
544,0.0388103
545,0.0430914
546,0.0389213
547,0.0402885
548,0.044388
549,0.0699586
0,0.0524232
1,0.0444084
2,0.0601996
3,0.0573198
4,0.0735752
5,0.073089
6,0.0609536
7,0.0519327
8,0.0633176
9,0.0434485
10,0.0479147
11,0.0504803
12,0.0663054
13,0.0434284
14,0.0732139
15,0.0645267
16,0.0457647
17,0.06472
18,0.0572851
19,0.0420187
20,0.0594491
21,0.0548575
22,0.0629391
23,0.0506328
24,0.045388
25,0.0638244
26,0.0481535
27,0.0558154
28,0.0575301
29,0.0664338
30,0.0571612
31,0.0691983
32,0.0507874
33,0.0742883
34,0.0488063
35,0.0433261
36,0.0616297
37,0.0444491
38,0.0361081
39,0.041289
40,0.0547403
41,0.0533189
42,0.0642551
43,0.0594336
44,0.0559009
45,0.0631312
46,0.0462979
47,0.0397721
48,0.0647471
49,0.0682195
50,0.0426686
51,0.0362369
52,0.0404352
53,0.0614243
54,0.0574995
55,0.0571056
56,0.0497553
57,0.048707
58,0.0532339
59,0.0749867
60,0.0629541
61,0.0483438
62,0.0606957
63,0.0476184
64,0.0587824
65,0.0519728
66,0.0585554
67,0.0526105
68,0.0489659
69,0.0564919
70,0.0630308
71,0.0523865
72,0.0520695
73,0.0436181
74,0.0640185
75,0.0459787
76,0.0481435
77,0.050736
78,0.0591387
79,0.0619884
80,0.0616231
81,0.0636224
82,0.0515585
83,0.0524173
84,0.0453505
85,0.0748125
86,0.0654621
87,0.090561
88,0.0525063
89,0.0450437
90,0.040048
91,0.0679143
92,0.0615051
93,0.0450281
94,0.0545414
95,0.0462214
96,0.0434467
97,0.0602844
98,0.0431691
99,0.0530108
100,0.0392485
101,0.0487041
102,0.0514714
103,0.0387665
104,0.0448506
105,0.067188
106,0.0398184
107,0.0664335
108,0.0637357
109,0.0629367
110,0.0570242
111,0.0580203
112,0.0738738
113,0.0538251
114,0.0537928
115,0.0357788
116,0.0662451
117,0.0445356
118,0.0535346
119,0.061932
120,0.0740887
121,0.0639464
122,0.0601293
123,0.0392643
124,0.0582323
125,0.0472812
126,0.0641529
127,0.0625018
128,0.0511086
129,0.0596546
130,0.0566554
131,0.0421615
132,0.0422866
133,0.0562564
134,0.0649357
135,0.0513041
136,0.0432484
137,0.0452401
138,0.050586
139,0.0485975
140,0.052078
141,0.0706327
142,0.0342375
143,0.0712182
144,0.0727138
145,0.0633345
146,0.0658308
147,0.0533593
148,0.0518118
149,0.0631934
150,0.0448443
151,0.0614147
152,0.0542292
153,0.0523515
154,0.0677467
155,0.0496779
156,0.0790393
157,0.0639953
158,0.0500428
159,0.0630735
160,0.0513397
161,0.048666
162,0.0640075
163,0.0750388
164,0.0632607
165,0.0726851
166,0.0675847
167,0.0632416
168,0.0474452
169,0.0592898
170,0.054492
171,0.0784084
172,0.0495853
173,0.060145
174,0.0360514
175,0.0591465
176,0.0514255
177,0.0506615
178,0.0521828
179,0.0675002
180,0.0448854
181,0.0581977
182,0.0353734
183,0.0457769
184,0.0666503
185,0.0421235
186,0.0445501
187,0.064716
188,0.0701758
189,0.0643342
190,0.0776533
191,0.0546642
192,0.036694
193,0.0659866
194,0.0435618
195,0.0556807
196,0.0775113
197,0.041506
198,0.0732262
199,0.041502
200,0.04963
201,0.0498808
202,0.0370893
203,0.0811624
204,0.0516502
205,0.0483993
206,0.0518278
207,0.0537445
208,0.0755214
209,0.0614413
210,0.0616977
211,0.0524396
212,0.0582621
213,0.0497686
214,0.0704196
215,0.0523136
216,0.0638376
217,0.0588048
218,0.0474553
219,0.0620886
220,0.0580942
221,0.060847
222,0.0553344
223,0.046221
224,0.0554323
225,0.0570416
226,0.059468
227,0.0544701
228,0.0525439
229,0.0351221
230,0.0338763
231,0.0540886
232,0.0484814
233,0.0642978
234,0.037631
235,0.0379179
236,0.0524696
237,0.0646079
238,0.0613127
239,0.0480908
240,0.0657893
241,0.0669735
242,0.0629058
243,0.0466857
244,0.0340946
245,0.0471288
246,0.0489914
247,0.040381
248,0.0464793
249,0.0472426
250,0.0665539
251,0.0391774
252,0.0483664
253,0.0538236
254,0.0352261
255,0.0483354
256,0.0582973
257,0.0464847
258,0.0358364
259,0.0463283
260,0.0349882
261,0.0482884
262,0.0609422
263,0.0485792
264,0.0592358
265,0.0571826
266,0.0482785
267,0.0590861
268,0.0530942
269,0.0580694
270,0.0721473
271,0.0613231
272,0.0497729
273,0.0413398
274,0.0563866
275,0.0410402
276,0.0459523
277,0.0495398
278,0.0756379
279,0.0670556
280,0.0362186
281,0.0697106
282,0.0545259
283,0.0581747
284,0.045335
285,0.0519668
286,0.040997
287,0.0377728
288,0.0576432
289,0.0700554
290,0.0436438
291,0.0446935
292,0.0546479
293,0.0648373
294,0.0507455
295,0.0522649
296,0.0520789
297,0.0495323
298,0.068825
299,0.051053
300,0.0558577
301,0.0512911
302,0.0543468
303,0.0412568
304,0.0496304
305,0.0745547
306,0.0694722
307,0.0544435
308,0.0443053
309,0.0707516
310,0.0441057
311,0.0608916
312,0.044232
313,0.0656512
314,0.0634488
315,0.0530526
316,0.0653236
317,0.0454455
318,0.0648196
319,0.0518141
320,0.0558177
321,0.0767665
322,0.0527815
323,0.0531528
324,0.0392506
325,0.0645829
326,0.0518548
327,0.0499691
328,0.0742792
329,0.0595419
330,0.0782399
331,0.0758747
332,0.0552258
333,0.0404086
334,0.078629
335,0.0604583
336,0.0369112
337,0.0602557
338,0.0644939
339,0.076149
340,0.0560817
341,0.0543497
342,0.0626787
343,0.0571113
344,0.0763607
345,0.0503752
346,0.0494706
347,0.0565124
348,0.0530669
349,0.0611377
350,0.0461814
351,0.0602537
352,0.0489635
353,0.048103
354,0.0481157
355,0.0464701
356,0.0637928
357,0.042153
358,0.0491135
359,0.0483
360,0.0515914
361,0.0690673
362,0.0533258
363,0.0701071
364,0.0572211
365,0.0689095
366,0.0650184
367,0.0455396
368,0.056527
369,0.0438601
370,0.0566868
371,0.0644467
372,0.0534942
373,0.0424667
374,0.0593851
375,0.0453671
376,0.0597396
377,0.0492987
378,0.0512352
379,0.0669156
380,0.0798536
381,0.0563042
382,0.0579876
383,0.0545267
384,0.0535727
385,0.0621041
386,0.0747553
387,0.0364453
388,0.0688115
389,0.0603185
390,0.047673
391,0.0439659
392,0.0536548
393,0.0650595
394,0.0437073
395,0.0553445
396,0.0607822
397,0.0663435
398,0.0803431
399,0.0428319
400,0.055809
401,0.0477234
402,0.048727
403,0.0436487
404,0.0438084
405,0.0407591
406,0.0471379
407,0.0683845
408,0.0550531
409,0.0458216
410,0.0487626
411,0.0537362
412,0.0387941
413,0.0619795
414,0.0521093
415,0.0446292
416,0.0603672
417,0.0563988
418,0.0612679
419,0.0408114
420,0.0517343
421,0.0627052
422,0.0510062
423,0.0729476
424,0.0335386
425,0.0540944
426,0.0485891
427,0.0472096
428,0.0603863
429,0.061155
430,0.0439563
431,0.0666113
432,0.0753568
433,0.0562191
434,0.06615
435,0.0466637
436,0.0556809
437,0.0557705
438,0.0623912
439,0.048836
440,0.0446341
441,0.0566418
442,0.0451042
443,0.0748494
444,0.0646798
445,0.064005
446,0.0559737
447,0.0652982
448,0.0673712
449,0.0432685
450,0.0373144
451,0.0632873
452,0.0619472
453,0.0389944
454,0.0836681
455,0.0529987
456,0.070276
457,0.0574313
458,0.0585725
459,0.0522279
460,0.0589049
461,0.0446774
462,0.0636744
463,0.0447946
464,0.0612268
465,0.0709306
466,0.0664244
467,0.0629081
468,0.0442205
469,0.0650692
470,0.0687226
471,0.0643607
472,0.0411738
473,0.0347425
474,0.040893
475,0.0526297
476,0.0523889
477,0.0500301
478,0.0471899
479,0.0535056
480,0.0597072
481,0.0561268
482,0.0445551
483,0.0507149
484,0.0385039
485,0.0540005
486,0.0540101
487,0.0706081
488,0.0606342
489,0.07658
490,0.0444019
491,0.0617248
492,0.0639774
493,0.0339737
494,0.0605273
495,0.0361708
496,0.0538652
497,0.0642866
498,0.0668336
499,0.0364448
500,0.0601862
501,0.0427048
502,0.0638688
503,0.0504523
504,0.0454176
505,0.0561086
506,0.0585703
507,0.0334393
508,0.0425358
509,0.0459176
510,0.0401404
511,0.0503188
512,0.0489916
513,0.052474
514,0.0520383
515,0.0337104
516,0.0572944
517,0.0532323
518,0.0641217
519,0.0565929
520,0.0656473
521,0.0634554
522,0.0654284
523,0.0614002
524,0.0399238
525,0.059108
526,0.0502723
527,0.0481892
528,0.0453302
529,0.0596757
530,0.0424525
531,0.0474307
532,0.0469523
533,0.0633056
534,0.0585838
535,0.0809089
536,0.0539473
537,0.071336
538,0.0689414
539,0.0380657
540,0.0333927
541,0.0613217
542,0.0595093
543,0.0764982
544,0.0580951
545,0.0566056
546,0.0569284
547,0.0566873
548,0.0577149
549,0.0766144
0,0.0446738
1,0.0399236
2,0.0504421
3,0.0456173
4,0.0482901
5,0.0336871
6,0.0364406
7,0.0486307
8,0.0396841
9,0.0414411
10,0.0451711
11,0.0500087
12,0.0544322
13,0.0401462
14,0.0350683
15,0.0354101
16,0.0446213
17,0.0501686
18,0.0432858
19,0.038762
20,0.0400555
21,0.0469911
22,0.0364923
23,0.0573477
24,0.0359749
25,0.0388975
26,0.0389115
27,0.0430565
28,0.0377244
29,0.040584
30,0.050323
31,0.0472852
32,0.0353203
33,0.0342243
34,0.0542693
35,0.0378318
36,0.0565022
37,0.0438858
38,0.0373236
39,0.0352193
40,0.0435338
41,0.0433724
42,0.0400705
43,0.0384757
44,0.0446362
45,0.0425167
46,0.0414609
47,0.0383208
48,0.040023
49,0.0418417
50,0.0434018
51,0.0337648
52,0.0374039
53,0.0381698
54,0.0344066
55,0.0475953
56,0.0458857
57,0.0402773
58,0.0425393
59,0.0363709
60,0.0514647
61,0.0423856
62,0.0393333
63,0.0437664
64,0.0509367
65,0.0445678
66,0.0382005
67,0.0419855
68,0.0410453
69,0.0482874
70,0.0530505
71,0.0514154
72,0.0498465
73,0.0413005
74,0.0387465
75,0.0423631
76,0.0405809
77,0.0463133
78,0.0357132
79,0.0363703
80,0.0397545
81,0.0413345
82,0.0383492
83,0.0399096
84,0.0451722
85,0.0423226
86,0.0412615
87,0.0372564
88,0.0447472
89,0.0403416
90,0.0409433
91,0.0439686
92,0.0399547
93,0.0406323
94,0.0374107
95,0.0458195
96,0.0404283
97,0.0403404
98,0.037234
99,0.0414068
100,0.0389888
101,0.0389159
102,0.0466879
103,0.0396395
104,0.0382545
105,0.0422503
106,0.0407563
107,0.0378873
108,0.0464162
109,0.0442953
110,0.0485755
111,0.040217
112,0.0417235
113,0.0378655
114,0.0379611
115,0.0382828
116,0.0591686
117,0.0429033
118,0.0474862
119,0.034973
120,0.0372859
121,0.0396319
122,0.0575865
123,0.0414786
124,0.0467796
125,0.0471115
126,0.0481681
127,0.0457773
128,0.0425569
129,0.034717
130,0.0381205
131,0.0395887
132,0.0402994
133,0.0379121
134,0.0503336
135,0.0419039
136,0.0409114
137,0.0411665
138,0.0480756
139,0.0461215
140,0.0476776
141,0.038629
142,0.0386206
143,0.042709
144,0.0351647
145,0.042015
146,0.040385
147,0.0468991
148,0.0436276
149,0.03961
150,0.0409986
151,0.0400916
152,0.0487798
153,0.0403123
154,0.0382264
155,0.0377383
156,0.0340456
157,0.0404385
158,0.0394099
159,0.0538826
160,0.0504272
161,0.0419724
162,0.0330682
163,0.0348959
164,0.0556563
165,0.0332394
166,0.0310568
167,0.0391366
168,0.0417722
169,0.0460661
170,0.0397621
171,0.040043
172,0.0366253
173,0.0430581
174,0.0379797
175,0.0375379
176,0.0549507
177,0.0347569
178,0.0368286
179,0.0526424
180,0.0399725
181,0.0514488
182,0.0377069
183,0.039711
184,0.0511712
185,0.0432116
186,0.0404763
187,0.0460915
188,0.0459931
189,0.0414318
190,0.0346774
191,0.0349143
192,0.0382713
193,0.0399713
194,0.0404987
195,0.0401694
196,0.0332812
197,0.0393579
198,0.0332351
199,0.0376372
200,0.0384276
201,0.0403992
202,0.0384464
203,0.0333849
204,0.0476209
205,0.0339253
206,0.0420682
207,0.0421895
208,0.0325127
209,0.0451865
210,0.0320371
211,0.0492466
212,0.0553209
213,0.0479393
214,0.0427677
215,0.0476379
216,0.0440836
217,0.05479
218,0.0515256
219,0.0479677
220,0.0518693
221,0.0565234
222,0.0349992
223,0.0443251
224,0.0462929
225,0.0493806
226,0.0440883
227,0.0505735
228,0.036663
229,0.0323952
230,0.038011
231,0.0508281
232,0.0396081
233,0.052437
234,0.0385989
235,0.0406934
236,0.03767
237,0.0362621
238,0.0542663
239,0.043044
240,0.0392755
241,0.0522227
242,0.036366
243,0.0464398
244,0.033114
245,0.0380994
246,0.0421359
247,0.0389647
248,0.0439628
249,0.0387865
250,0.037753
251,0.0424668
252,0.0468799
253,0.0444314
254,0.0328862
255,0.0478304
256,0.0432633
257,0.0363475
258,0.0381062
259,0.0440055
260,0.0321687
261,0.0394343
262,0.0461213
263,0.0434423
264,0.0377287
265,0.0427284
266,0.0471081
267,0.0441002
268,0.0412029
269,0.0554146
270,0.0409804
271,0.0393328
272,0.0396635
273,0.0386189
274,0.0386277
275,0.0407787
276,0.0372751
277,0.0474119
278,0.033728
279,0.0428525
280,0.0336094
281,0.0469578
282,0.0471635
283,0.0444044
284,0.0402966
285,0.0485612
286,0.0391561
287,0.0415664
288,0.035754
289,0.0429076
290,0.0423916
291,0.0421767
292,0.0467539
293,0.0598411
294,0.0498646
295,0.0423605
296,0.0526002
297,0.0541267
298,0.0466112
299,0.0488589
300,0.0473318
301,0.0437028
302,0.0472366
303,0.040648
304,0.0555038
305,0.040304
306,0.0461228
307,0.0431102
308,0.0392603
309,0.0456518
310,0.0422877
311,0.0450044
312,0.0485053
313,0.043712
314,0.0610009
315,0.0436431
316,0.0424837
317,0.0417612
318,0.0461449
319,0.0389879
320,0.0466301
321,0.0462372
322,0.0490639
323,0.0449043
324,0.0404636
325,0.056933
326,0.0486059
327,0.0418658
328,0.032997
329,0.0384952
330,0.0360764
331,0.0348446
332,0.0465774
333,0.0365944
334,0.0331155
335,0.039971
336,0.0363573
337,0.0379123
338,0.0363362
339,0.032841
340,0.0463432
341,0.0475005
342,0.0403416
343,0.0363419
344,0.0446023
345,0.0490786
346,0.0419659
347,0.0500403
348,0.0472646
349,0.0385608
350,0.0508322
351,0.0327121
352,0.0423939
353,0.0445017
354,0.0448068
355,0.0448404
356,0.0383169
357,0.0386353
358,0.0401249
359,0.0450211
360,0.0404477
361,0.0409943
362,0.0429414
363,0.0455009
364,0.0428033
365,0.0479999
366,0.0384497
367,0.0463537
368,0.0445005
369,0.0391466
370,0.0485412
371,0.0385585
372,0.0376832
373,0.0355758
374,0.0419776
375,0.0390726
376,0.0378954
377,0.0390625
378,0.0454103
379,0.0501504
380,0.0448173
381,0.0473679
382,0.0432623
383,0.0433817
384,0.0402565
385,0.0390017
386,0.0434559
387,0.0322894
388,0.0439416
389,0.0394273
390,0.0530751
391,0.040978
392,0.0478518
393,0.0381166
394,0.0379536
395,0.0369569
396,0.032713
397,0.0354457
398,0.0339942
399,0.0348976
400,0.040746
401,0.0436312
402,0.0416866
403,0.039586
404,0.0403253
405,0.0415145
406,0.044422
407,0.0513988
408,0.049783
409,0.0414694
410,0.0399324
411,0.0343876
412,0.0394464
413,0.035809
414,0.0505174
415,0.0468669
416,0.0590981
417,0.0527771
418,0.0441028
419,0.0398033
420,0.0385941
421,0.0503566
422,0.0444022
423,0.0406347
424,0.0371647
425,0.0381917
426,0.0402323
427,0.0521794
428,0.0350741
429,0.0504821
430,0.0401719
431,0.0531763
432,0.0326798
433,0.0370289
434,0.0438431
435,0.0419123
436,0.0411286
437,0.0432938
438,0.0532992
439,0.050385
440,0.0449726
441,0.0417258
442,0.0386595
443,0.0597514
444,0.0439835
445,0.0385991
446,0.0483143
447,0.0425128
448,0.0430451
449,0.0401641
450,0.0356747
451,0.0395097
452,0.0583707
453,0.0377883
454,0.039616
455,0.0404732
456,0.035373
457,0.0436815
458,0.037858
459,0.0447709
460,0.0594323
461,0.0401157
462,0.0407373
463,0.0386597
464,0.058102
465,0.0419896
466,0.0515233
467,0.0409054
468,0.0354659
469,0.0369427
470,0.0446633
471,0.0408282
472,0.0375718
473,0.0370066
474,0.0410773
475,0.0376673
476,0.0491401
477,0.0486381
478,0.045678
479,0.0420384
480,0.0372969
481,0.0433893
482,0.0404975
483,0.0360468
484,0.0361577
485,0.0384303
486,0.0496573
487,0.041445
488,0.0552206
489,0.0412039
490,0.0402851
491,0.0442834
492,0.0390685
493,0.0381123
494,0.0548283
495,0.0354045
496,0.0347321
497,0.0479977
498,0.0356019
499,0.0373925
500,0.0388966
501,0.041233
502,0.0563918
503,0.0478318
504,0.0439304
505,0.0450597
506,0.0422183
507,0.0381005
508,0.0420156
509,0.0478403
510,0.0365675
511,0.0432428
512,0.0318882
513,0.0519514
514,0.0493877
515,0.03662
516,0.0389294
517,0.0443768
518,0.0400504
519,0.0397371
520,0.0449711
521,0.039745
522,0.0494457
523,0.0422743
524,0.0378836
525,0.0473027
526,0.0496354
527,0.039545
528,0.0388234
529,0.0448281
530,0.0419237
531,0.0398478
532,0.0402
533,0.0315044
534,0.0433083
535,0.0337446
536,0.0459126
537,0.0464003
538,0.0372781
539,0.0387145
540,0.0385044
541,0.0401957
542,0.0431824
543,0.0330188
544,0.0374831
545,0.0478593
546,0.0423271
547,0.0444867
548,0.0423712
549,0.0399808
0,0.0475962
1,0.0410267
2,0.0511732
3,0.0432583
4,0.0408276
5,0.0372164
6,0.0339149
7,0.0419947
8,0.0475322
9,0.0386286
10,0.0440448
11,0.0416349
12,0.0465561
13,0.0358458
14,0.0383058
15,0.0377577
16,0.0389324
17,0.0467052
18,0.0441909
19,0.0340791
20,0.0353741
21,0.0450772
22,0.0334027
23,0.0500373
24,0.0390136
25,0.0422104
26,0.0322665
27,0.0414047
28,0.0461785
29,0.0527024
30,0.0470892
31,0.0515012
32,0.0416553
33,0.0368707
34,0.0514237
35,0.0403955
36,0.0544436
37,0.0412582
38,0.0346629
39,0.0371164
40,0.0411179
41,0.0419211
42,0.0425077
43,0.0474258
44,0.0432334
45,0.0398457
46,0.0374677
47,0.0339008
48,0.0406928
49,0.0383691
50,0.0490489
51,0.0345137
52,0.0374207
53,0.0411299
54,0.0454494
55,0.0473231
56,0.0486913
57,0.0320128
58,0.04263
59,0.0365194
60,0.0435225
61,0.0464596
62,0.0409096
63,0.0442694
64,0.0479791
65,0.0432472
66,0.0407482
67,0.0456457
68,0.0421386
69,0.0470466
70,0.0446014
71,0.0473363
72,0.0436144
73,0.0407498
74,0.040652
75,0.0414667
76,0.0430239
77,0.0439415
78,0.0429948
79,0.0393344
80,0.0330957
81,0.0447027
82,0.0371121
83,0.0420399
84,0.0482278
85,0.0421563
86,0.0519869
87,0.0363653
88,0.041595
89,0.039755
90,0.0368957
91,0.0511315
92,0.0437113
93,0.0400915
94,0.034769
95,0.0388093
96,0.0398368
97,0.0413648
98,0.0391409
99,0.0430544
100,0.0306142
101,0.041001
102,0.0471945
103,0.0359717
104,0.0351872
105,0.0425953
106,0.0356563
107,0.0390416
108,0.0480973
109,0.0380588
110,0.0459599
111,0.0383345
112,0.0436201
113,0.0350671
114,0.0336013
115,0.031785
116,0.0400582
117,0.0472461
118,0.0413607
119,0.0380465
120,0.0385547
121,0.0423948
122,0.0473989
123,0.0364223
124,0.0459447
125,0.0418085
126,0.0512033
127,0.0466814
128,0.045139
129,0.0373726
130,0.0473889
131,0.036252
132,0.0371783
133,0.0459037
134,0.0489399
135,0.0464457
136,0.0368946
137,0.0445236
138,0.0529709
139,0.0474736
140,0.0482028
141,0.0448461
142,0.0316004
143,0.0471091
144,0.0400643
145,0.0528962
146,0.0537316
147,0.045772
148,0.0416106
149,0.0461283
150,0.0361482
151,0.047223
152,0.0541547
153,0.0379571
154,0.0459471
155,0.03517
156,0.0376503
157,0.042524
158,0.0503735
159,0.0502754
160,0.0420171
161,0.0427292
162,0.0375704
163,0.0397538
164,0.0500001
165,0.0385632
166,0.0364928
167,0.0527103
168,0.0368654
169,0.0466239
170,0.044384
171,0.0380759
172,0.0409236
173,0.0469499
174,0.0349052
175,0.0472267
176,0.0487399
177,0.0388207
178,0.039864
179,0.0521461
180,0.037807
181,0.0520091
182,0.0348618
183,0.0415155
184,0.0508958
185,0.0398844
186,0.0382927
187,0.0464838
188,0.0533607
189,0.0484251
190,0.0380071
191,0.0441138
192,0.0335624
193,0.042688
194,0.037297
195,0.0446183
196,0.037072
197,0.0368316
198,0.0391645
199,0.0387033
200,0.0365705
201,0.0442548
202,0.0338611
203,0.0365144
204,0.0487462
205,0.0372709
206,0.0450104
207,0.0533939
208,0.0378274
209,0.0443932
210,0.0372541
211,0.057101
212,0.0523557
213,0.0466059
214,0.0413589
215,0.0517092
216,0.0493399
217,0.0471965
218,0.0458057
219,0.0490056
220,0.0460506
221,0.0486765
222,0.0343978
223,0.0383216
224,0.0414862
225,0.049433
226,0.0441079
227,0.0517033
228,0.0428264
229,0.0356112
230,0.0324669
231,0.0482002
232,0.0412505
233,0.049644
234,0.032194
235,0.0323504
236,0.0366286
237,0.0350264
238,0.0579662
239,0.0379516
240,0.0424961
241,0.0509998
242,0.0395664
243,0.0487271
244,0.0359986
245,0.0405463
246,0.0450337
247,0.040987
248,0.0407238
249,0.0348904
250,0.0438595
251,0.0392228
252,0.0473087
253,0.0430595
254,0.036092
255,0.0390817
256,0.0426502
257,0.0393269
258,0.0354824
259,0.0414867
260,0.0357625
261,0.0363382
262,0.0466528
263,0.0489967
264,0.0452359
265,0.0422197
266,0.0434017
267,0.0405518
268,0.0483151
269,0.0552234
270,0.0440361
271,0.0401567
272,0.0386332
273,0.0398741
274,0.0356675
275,0.0363299
276,0.0391348
277,0.0486399
278,0.0377362
279,0.0530803
280,0.0358946
281,0.0460448
282,0.0511914
283,0.0473175
284,0.0387696
285,0.0487997
286,0.0386837
287,0.0406354
288,0.0328618
289,0.0473579
290,0.0364925
291,0.0367703
292,0.0490006
293,0.0527094
294,0.044362
295,0.0426127
296,0.0436741
297,0.0502016
298,0.0476117
299,0.0427639
300,0.0488503
301,0.0425591
302,0.0446156
303,0.038813
304,0.0501459
305,0.0466967
306,0.0516611
307,0.0461311
308,0.0347117
309,0.0453167
310,0.0383471
311,0.0444375
312,0.047302
313,0.0525357
314,0.0566546
315,0.0481792
316,0.0435863
317,0.0458684
318,0.0527049
319,0.0409075
320,0.0500381
321,0.0505679
322,0.0503647
323,0.0432964
324,0.0368117
325,0.0477391
326,0.0456491
327,0.0372738
328,0.0396
329,0.0396334
330,0.0388994
331,0.0372705
332,0.0509778
333,0.0384107
334,0.0383964
335,0.0362382
336,0.0357285
337,0.0415409
338,0.0375615
339,0.034774
340,0.0485951
341,0.0533628
342,0.0462096
343,0.0341584
344,0.0418306
345,0.0420974
346,0.044897
347,0.0429906
348,0.0436194
349,0.0390215
350,0.0510647
351,0.0392883
352,0.0420382
353,0.0423415
354,0.039001
355,0.038387
356,0.0377389
357,0.0352779
358,0.0391177
359,0.0446513
360,0.0413029
361,0.0506362
362,0.0408577
363,0.0514492
364,0.0408929
365,0.0502907
366,0.041831
367,0.0473576
368,0.0444509
369,0.034177
370,0.0472835
371,0.0446642
372,0.0369238
373,0.0381952
374,0.0414275
375,0.0368813
376,0.0407154
377,0.0387512
378,0.0418277
379,0.0499067
380,0.0399558
381,0.047043
382,0.0402564
383,0.0414293
384,0.0364457
385,0.0455045
386,0.0538258
387,0.0358876
388,0.0468544
389,0.0358761
390,0.0504812
391,0.0425178
392,0.047585
393,0.0412931
394,0.0409759
395,0.0350406
396,0.0374438
397,0.0453311
398,0.0404796
399,0.0379229
400,0.0429777
401,0.0420215
402,0.0394685
403,0.0339285
404,0.0368278
405,0.0392836
406,0.0433956
407,0.0512544
408,0.0519852
409,0.0435021
410,0.032948
411,0.0410442
412,0.039839
413,0.0385729
414,0.0417736
415,0.0496859
416,0.0573578
417,0.055155
418,0.0427777
419,0.0377233
420,0.0434235
421,0.0509737
422,0.0452853
423,0.0419954
424,0.0313993
425,0.03306
426,0.034975
427,0.0474895
428,0.0403588
429,0.0512964
430,0.0336286
431,0.0500822
432,0.0391137
433,0.0438146
434,0.0430744
435,0.0446469
436,0.0460769
437,0.0464823
438,0.0542938
439,0.0452363
440,0.0465389
441,0.0409482
442,0.0381057
443,0.0556522
444,0.0397384
445,0.0378363
446,0.0522188
447,0.0420664
448,0.048463
449,0.0374667
450,0.0339957
451,0.0345724
452,0.0585371
453,0.0345348
454,0.0392927
455,0.0399053
456,0.0365859
457,0.0401963
458,0.0442715
459,0.0456102
460,0.0554284
461,0.0372338
462,0.0484294
463,0.0346253
464,0.0550883
465,0.0420312
466,0.0502965
467,0.0459997
468,0.039057
469,0.0366597
470,0.0455873
471,0.0538157
472,0.0323759
473,0.0343167
474,0.039899
475,0.0361229
476,0.0442848
477,0.0499433
478,0.0483372
479,0.0425783
480,0.0406626
481,0.0461093
482,0.0387166
483,0.0377155
484,0.0370067
485,0.0373739
486,0.043068
487,0.0470124
488,0.0524949
489,0.041416
490,0.0371417
491,0.0429162
492,0.035562
493,0.0338701
494,0.0536492
495,0.0341742
496,0.0366965
497,0.0450813
498,0.0378377
499,0.0355541
500,0.033366
501,0.0383338
502,0.0548427
503,0.0525329
504,0.0482146
505,0.0433771
506,0.0400154
507,0.0336182
508,0.0390941
509,0.045019
510,0.0328491
511,0.0422995
512,0.0404612
513,0.0416064
514,0.0431579
515,0.0334517
516,0.041873
517,0.0421209
518,0.0406324
519,0.0407896
520,0.0486642
521,0.0445127
522,0.0534587
523,0.0471213
524,0.0317038
525,0.0467294
526,0.0457606
527,0.0341133
528,0.0341077
529,0.0478163
530,0.0388778
531,0.0317715
532,0.0342524
533,0.0399204
534,0.0439722
535,0.0400752
536,0.0426845
537,0.0415299
538,0.038825
539,0.0349564
540,0.0317328
541,0.0484332
542,0.0462939
543,0.0382883
544,0.0411754
545,0.0445871
546,0.0409497
547,0.0458051
548,0.0423037
549,0.0420895
0,0.0394353
1,0.031518
2,0.04576
3,0.0402006
4,0.0332908
5,0.0288462
6,0.0320111
7,0.0390605
8,0.0346219
9,0.0345232
10,0.0354153
11,0.0416064
12,0.0377645
13,0.0323798
14,0.0287901
15,0.0304754
16,0.0399496
17,0.038666
18,0.0364676
19,0.0338484
20,0.0313546
21,0.0397217
22,0.0306448
23,0.0428633
24,0.0321848
25,0.0337086
26,0.0327159
27,0.0377297
28,0.0350286
29,0.0403374
30,0.0367814
31,0.0380158
32,0.0367785
33,0.0294093
34,0.0389507
35,0.0338156
36,0.0477077
37,0.0355321
38,0.0346328
39,0.0321289
40,0.0357862
41,0.0363499
42,0.0334213
43,0.0359314
44,0.0371793
45,0.0373972
46,0.0319048
47,0.0367235
48,0.0347209
49,0.0347615
50,0.0359044
51,0.0283885
52,0.0308461
53,0.0370435
54,0.0473734
55,0.0386796
56,0.0361066
57,0.0345681
58,0.0392889
59,0.0299871
60,0.0392223
61,0.0357918
62,0.0321224
63,0.0364142
64,0.0441745
65,0.0394846
66,0.0319803
67,0.038341
68,0.0397223
69,0.0370754
70,0.044206
71,0.0424011
72,0.0406113
73,0.0324434
74,0.0348095
75,0.0336376
76,0.0334807
77,0.0390847
78,0.0374833
79,0.0331853
80,0.0326314
81,0.0373898
82,0.0308122
83,0.0367183
84,0.0356642
85,0.0372192
86,0.0355174
87,0.0305689
88,0.0370972
89,0.0324311
90,0.0306906
91,0.0346068
92,0.0365644
93,0.0387615
94,0.034932
95,0.039434
96,0.0301017
97,0.0336338
98,0.0323283
99,0.037286
100,0.0344407
101,0.0359421
102,0.0403121
103,0.0297258
104,0.0346957
105,0.0336375
106,0.0321045
107,0.0339186
108,0.0399093
109,0.0369988
110,0.0400735
111,0.0334872
112,0.0379354
113,0.0315881
114,0.0337721
115,0.0349105
116,0.043803
117,0.0350905
118,0.0388513
119,0.0539255
120,0.0288898
121,0.0373769
122,0.0458484
123,0.0331445
124,0.0387605
125,0.0397297
126,0.0396997
127,0.0373819
128,0.0373975
129,0.0301461
130,0.0331379
131,0.0318711
132,0.0326933
133,0.0337154
134,0.0384219
135,0.0350432
136,0.0338238
137,0.0384934
138,0.0382573
139,0.0344365
140,0.0409727
141,0.0606617
142,0.0357751
143,0.0405867
144,0.0427777
145,0.0361872
146,0.0377665
147,0.0366718
148,0.0374076
149,0.0346277
150,0.0309464
151,0.0357025
152,0.0383007
153,0.0381868
154,0.0372716
155,0.0349083
156,0.0293287
157,0.0380632
158,0.0468935
159,0.0432564
160,0.0390395
161,0.0349449
162,0.0300546
163,0.0292979
164,0.0455401
165,0.029816
166,0.0281042
167,0.0355277
168,0.0338089
169,0.038636
170,0.0360676
171,0.0367965
172,0.0325863
173,0.0360446
174,0.0333906
175,0.0337063
176,0.041952
177,0.0293862
178,0.0298044
179,0.040808
180,0.030432
181,0.0418134
182,0.0330129
183,0.0371123
184,0.0449807
185,0.0321211
186,0.0352543
187,0.0379655
188,0.0414858
189,0.0336919
190,0.0288251
191,0.0325684
192,0.0334066
193,0.0360991
194,0.0350417
195,0.033755
196,0.0288514
197,0.0301749
198,0.0300832
199,0.033657
200,0.0345652
201,0.0365304
202,0.0326438
203,0.028364
204,0.0419891
205,0.0283227
206,0.0376213
207,0.0469848
208,0.0308435
209,0.0375698
210,0.0537367
211,0.0467373
212,0.0398866
213,0.0351285
214,0.0357529
215,0.0409149
216,0.0363534
217,0.0371104
218,0.0384734
219,0.046121
220,0.0384292
221,0.0417376
222,0.0327485
223,0.0397586
224,0.0397053
225,0.0399827
226,0.0393249
227,0.0390606
228,0.0327049
229,0.0294604
230,0.0373959
231,0.034943
232,0.0402137
233,0.0431209
234,0.0349953
235,0.0348001
236,0.0299286
237,0.0315695
238,0.0483692
239,0.0300656
240,0.0313792
241,0.043734
242,0.0306416
243,0.0374147
244,0.0292625
245,0.0302858
246,0.0404761
247,0.0321068
248,0.0402823
249,0.0347838
250,0.0347364
251,0.0310505
252,0.0355989
253,0.04031
254,0.0294995
255,0.037723
256,0.0394162
257,0.0307663
258,0.0332755
259,0.0341511
260,0.0283746
261,0.0299351
262,0.0395197
263,0.0349068
264,0.0389515
265,0.0375267
266,0.0417981
267,0.0379229
268,0.0383468
269,0.0437855
270,0.0375284
271,0.0315367
272,0.0310451
273,0.0323352
274,0.0299118
275,0.0374631
276,0.0313967
277,0.0366734
278,0.030202
279,0.0375054
280,0.0284008
281,0.0403194
282,0.040102
283,0.0397743
284,0.0319722
285,0.0356355
286,0.0307201
287,0.0332516
288,0.0339611
289,0.0400486
290,0.0325674
291,0.0308522
292,0.0426136
293,0.0427369
294,0.0405227
295,0.0394775
296,0.0400147
297,0.0418864
298,0.0409669
299,0.0388274
300,0.0394479
301,0.0382954
302,0.0401154
303,0.0300305
304,0.0441693
305,0.0403762
306,0.0354705
307,0.0367657
308,0.0310916
309,0.0371208
310,0.0332352
311,0.0345648
312,0.0378461
313,0.0396516
314,0.0460237
315,0.0403175
316,0.0372845
317,0.0366411
318,0.0359383
319,0.0366793
320,0.0413888
321,0.0403844
322,0.040781
323,0.0395933
324,0.0330029
325,0.0461924
326,0.0382326
327,0.0344076
328,0.029327
329,0.0365928
330,0.0304945
331,0.0312604
332,0.0421113
333,0.0321842
334,0.0308022
335,0.0326103
336,0.0328113
337,0.031477
338,0.0300276
339,0.0284689
340,0.0370222
341,0.0375502
342,0.0347872
343,0.0346817
344,0.0384116
345,0.037005
346,0.0352394
347,0.0380689
348,0.0413503
349,0.030809
350,0.0406223
351,0.0305098
352,0.0387339
353,0.039271
354,0.0341001
355,0.0409164
356,0.0336053
357,0.0348443
358,0.0303224
359,0.0362939
360,0.0351322
361,0.0381716
362,0.0374675
363,0.0387283
364,0.0383824
365,0.0485398
366,0.0349516
367,0.0362408
368,0.0363652
369,0.0330079
370,0.0376513
371,0.0332317
372,0.03537
373,0.0308018
374,0.0396067
375,0.0348249
376,0.0323583
377,0.0308088
378,0.0375659
379,0.042273
380,0.0367454
381,0.0368729
382,0.0367838
383,0.0371821
384,0.0341593
385,0.035839
386,0.0397946
387,0.0302547
388,0.0403619
389,0.0323923
390,0.0417638
391,0.0343154
392,0.0405232
393,0.0343444
394,0.0352115
395,0.0347125
396,0.0315006
397,0.0515865
398,0.0294497
399,0.0341919
400,0.0371808
401,0.0356507
402,0.0339588
403,0.031846
404,0.0306404
405,0.0296239
406,0.0394385
407,0.0388146
408,0.042081
409,0.0373264
410,0.0339393
411,0.0508957
412,0.0320548
413,0.0309668
414,0.0371044
415,0.0371483
416,0.0484868
417,0.0410025
418,0.0364023
419,0.0302079
420,0.0335612
421,0.0392666
422,0.0392847
423,0.0403868
424,0.0357234
425,0.0331001
426,0.0315773
427,0.041027
428,0.0460018
429,0.0419815
430,0.0335451
431,0.0445089
432,0.0297576
433,0.0364981
434,0.0392053
435,0.0376891
436,0.0395609
437,0.0386284
438,0.0477718
439,0.0377995
440,0.034047
441,0.0366897
442,0.0311597
443,0.0456884
444,0.0341115
445,0.0317111
446,0.0400385
447,0.0504019
448,0.0367539
449,0.0316228
450,0.0361287
451,0.0328769
452,0.0469098
453,0.0357191
454,0.0365034
455,0.0305391
456,0.0304041
457,0.0330074
458,0.0342553
459,0.0372978
460,0.0450252
461,0.0340076
462,0.0349593
463,0.0316943
464,0.0439546
465,0.0354
466,0.0452463
467,0.0346193
468,0.0351012
469,0.0360299
470,0.0379523
471,0.0383171
472,0.0353816
473,0.0326374
474,0.0329124
475,0.0341622
476,0.0385864
477,0.0363387
478,0.0376376
479,0.0376042
480,0.0301408
481,0.0381482
482,0.0351558
483,0.034088
484,0.0306799
485,0.0301542
486,0.0394645
487,0.0371646
488,0.0475986
489,0.0371489
490,0.0362799
491,0.0376217
492,0.0349118
493,0.0370032
494,0.0453992
495,0.0318182
496,0.0336045
497,0.0414633
498,0.0361386
499,0.0330793
500,0.033701
501,0.0349733
502,0.0447151
503,0.04003
504,0.0342593
505,0.0362004
506,0.0381966
507,0.0378657
508,0.0320441
509,0.0339072
510,0.0309785
511,0.0378644
512,0.0281365
513,0.0438821
514,0.041914
515,0.0367605
516,0.0323949
517,0.0382823
518,0.0336159
519,0.0322324
520,0.0401174
521,0.0348345
522,0.0402705
523,0.0328074
524,0.0332577
525,0.036423
526,0.0396073
527,0.0301456
528,0.0330999
529,0.032577
530,0.0304081
531,0.0333995
532,0.0380243
533,0.0314383
534,0.0391722
535,0.0287994
536,0.0371024
537,0.0360925
538,0.0308901
539,0.0369664
540,0.0370414
541,0.0346498
542,0.0328499
543,0.0289268
544,0.031582
545,0.0377201
546,0.0382738
547,0.0323816
548,0.0384663
549,0.0390629
